0123
4567
89AB
CDEF

1048cdefb73259a6


01234
56789
abcde
fghil
mnopq

2105afmnopqle94376baghid87c

         00 
      01 11 10
   02 12 22 21 20
03 13 23 33 32 31 30
…

0  -> 0,0
1  -> 0,1
2  -> 0,2
3  -> 0,3
4  -> 0,4
5  -> 1,0
6  -> 1,1
7  -> 1,2
8  -> 1,3
9  -> 1,4
10 -> 2,0
11 -> 2,1
12 -> 2,2
13 -> 2,3
14 -> 2,4
15 -> 3,0
16 -> 3,1
17 -> 3,2

===================
i
0   0  -> 0,0	0

1   1  -> 0,1	1	i-0
2   4  -> 1,1	2	i-0
3   9  -> 1,0	1	i-2

4  16  -> 0,2	2	i-2
5   3  -> 1,2	3	i-2
6   2  -> 2,2	4	i-2
7   5  -> 2,1	3	i-4
8  10  -> 2,0	2	i-6

9  17  -> 0,3	3	i-6
10  8  -> 1,3	4	i-6
11  7  -> 2,3	5	i-6
12  6  -> 3,3	6	i-6
13 11  -> 3,2	5	i-8
14 18  -> 3,1	4	i-10
15 15  -> 3,0	3	i-12

16 14  -> 0,4	4	i-12
17 13  -> 1,4	5	i-12
18 12  -> 2,4	6	i-12
19 19  -> 3,4	7	i-12
20 24  -> 4,4	8	i-12
21 23  -> 4,3	7	i-14
22 22  -> 4,2	6	i-16
23 21  -> 4,1	5	i-18
24 20  -> 4,0	4	i-20

   00 01 02 03 04
00  0  1  4  9 16 
10  3  2  5 10 17 
20  8  7  6 11 18 
30 15 14 13 12 19 
40 24 23 22 21 20





